,0
0,215.81497159090907
1,0.637540449662642
2,0.3168856256658381
3,1.1009925426136364
4,0.4215185546875
5,0.5245982776988637
6,0.3658549638227983
7,0.6216412908380682
8,1.1752430308948865
9,0.19756851196289063
10,0.6062480024857955
11,0.45482388583096595
12,0.4352031915838068
13,1.314158047762784
14,0.2958874234286222
15,0.385317216352983
16,0.7047189053622159
17,0.3867347578568892
18,1.2548549582741477
19,0.4552853670987216
20,0.43424646550958806
21,0.4907855224609375
22,0.6596195845170455
23,1.1950514914772727
24,0.33560402610085227
25,0.7032154430042614
26,0.4130487337979403
27,0.5885318270596591
28,1.2532288707386363
29,0.7047118030894886
30,0.4581949129971591
31,0.6632270396839489
32,0.5081274968927557
33,1.2488695179332385
34,0.5011296497691762
35,0.6661112282492898
36,0.49857199928977275
37,0.703546309037642
38,1.29451171875
39,0.4178178267045455
40,0.7787689763849431
41,0.5128554465553977
42,0.4962628728693182
43,1.4545725319602272
44,0.5274667080965909
45,0.537060380415483
46,0.7563185813210227
47,0.5212447287819603
48,1.3677748801491478
49,0.6173511851917614
50,0.6637792413884944
51,0.5524384654651988
52,0.73435302734375
53,1.3969075150923296
54,0.4193882335316051
55,0.808414473100142
56,0.5888675204190341
57,0.6159970925071022
58,1.4346493252840908
59,0.6514507501775568
60,0.5797033136541193
61,0.8012903386896306
62,0.6186472389914772
63,1.3867558149857953
64,0.6820379638671875
65,0.7141770796342329
66,0.6334862726384943
67,0.7110171786221591
68,1.450586270419034
69,0.556976318359375
70,0.8462998268821024
71,0.5901464288884943
72,0.6944021883877841
73,1.5111820845170454
74,0.6147637939453126
75,0.6442642489346591
76,0.7843477006392046
77,0.6355301735617898
78,1.4567255193536932
79,0.6626593572443181
80,0.7379046075994319
81,0.6709065940163351
82,0.8481242231889204
83,1.4557196599786932
84,0.5746866677024147
85,0.8253925670276989
86,0.6940729314630681
87,0.6942975408380682
88,1.5759173029119318
89,0.7578809703480114
90,0.672870760830966
91,0.8414823774857955
92,0.647118086381392
93,1.5293967507102273
94,0.747419100674716
95,0.739061612215909
96,0.7248619495738636
97,0.8453535600142046
98,1.5329852849786931
99,0.6365915749289772
100,0.8162563809481534
101,0.7034502618963069
102,0.7490471857244319
103,1.6136818625710228
104,0.6973303777521306
105,0.714155106977983
106,0.9017364501953125
107,0.7017329545454545
108,1.583294677734375
109,0.7305632990056818
110,0.7092592551491477
111,0.7578072287819602
112,0.935516357421875
113,1.5409836647727273
114,0.7789472545276989
115,0.7710757723721591
116,0.7302303244850852
117,0.8873052423650569
118,1.5531839266690342
119,0.7655726207386364
120,0.7782609419389205
121,0.7376702325994319
122,0.7993505859375
123,1.7094734330610797
124,0.6624235395951704
125,0.7368039772727273
126,0.8612244762073864
127,0.6876485373757102
128,1.596684903231534
129,0.838825850053267
130,0.7992550936612216
131,0.709952392578125
132,0.9508640358664774
133,1.613724365234375
134,0.5943670099431818
135,0.9770417924360796
136,0.650856600674716
137,0.7998293235085226
138,1.778885830965909
139,0.661200284090909
140,0.744844082919034
141,0.8921235795454545
142,0.7523585094105114
143,1.5798500754616478
144,0.8776966996626421
145,0.7636713756214489
146,0.7465465198863636
147,0.915476240678267
148,1.6228936212713068
149,0.754402909712358
150,0.8940961248224432
151,0.7619523481889204
152,0.8105996426669034
153,1.742042236328125
154,0.671308260830966
155,0.7937699196555399
156,0.883512129350142
157,0.7571256325461648
158,1.6470655406605113
159,0.8187915593927556
160,0.7928106689453125
161,0.786717196377841
162,0.906840320933949
163,1.6653760875355113
164,0.6685577392578125
165,0.8905771706321023
166,0.7581269420276989
167,0.7623004705255682
168,1.8180526455965909
169,0.7245685924183239
170,0.7171913840553976
171,0.9226936479048296
172,0.7611896861683239
173,1.6228990589488637
174,0.8572109153053976
175,0.8101224032315341
176,0.779590010209517
177,0.9205483731356534
178,1.5889433149857952
179,0.8447988059303977
180,0.865321377840909
181,0.8654037198153409
182,0.7506399813565341
183,1.7013444380326703
184,0.6826173539595171
185,0.7711271528764204
186,0.9351679021661932
187,0.7311490700461648
188,1.6352549050071021
189,0.8120611572265625
190,0.7906430886008523
191,0.7821538196910511
192,0.9033774636008524
193,1.6035441450639203
194,0.7136177201704546
195,0.8828009033203125
196,0.7661674915660511
197,0.7689658979936079
198,1.7716994406960227
199,0.7118374911221591
200,0.7540066250887785
201,0.8702516867897727
202,0.7129918878728694
203,1.631221590909091
204,0.8461313143643465
205,0.7787873424183239
206,0.7203345281427557
207,0.9364504172585226
208,1.597275723544034
209,0.7825888338955965
210,0.8377123468572444
211,0.7743353826349432
212,0.7269340376420454
213,1.7254972700639204
214,0.6933370139382101
215,0.6984218528053977
216,0.9184294544566761
217,0.7136997292258523
218,1.6099128861860796
219,0.7990612238103694
220,0.7781526877663352
221,0.730584883256392
222,0.918475175337358
223,1.5619507945667612
224,0.6625326260653409
225,0.8302317116477274
226,0.733934492631392
227,0.7599399636008524
228,1.6983314098011362
229,0.6410824862393466
230,0.7184270130504261
231,0.8550446666370739
232,0.7219782049005681
233,1.550633877840909
234,0.7557741477272727
235,0.7293424849076705
236,0.7962952769886364
237,0.8665849165482955
238,1.5032631613991478
239,0.7367859441583806
240,0.7625609241832386
241,0.6982698752663352
242,0.8791708651455966
243,1.5512050559303978
244,0.686120771928267
245,0.7688945423473011
246,0.699794034090909
247,0.772622236772017
248,1.610673162286932
249,0.638527665571733
250,0.7619305419921875
251,0.8059883811257101
252,0.7489033647017045
253,1.5285752175071021
254,0.7974503395774148
255,0.7447468705610796
256,0.7712483354048295
257,0.8280414373224432
258,1.5872092507102271
259,0.6426504239169034
260,0.9461912952769886
261,0.6704277454723011
262,0.7410397061434659
263,1.7170017311789771
264,0.6400379527698864
265,0.744996337890625
266,0.857693204012784
267,0.7188959295099431
268,1.6189481977982954
269,0.8888170831853693
270,0.7160008655894886
271,0.8625991543856535
272,0.8375312389026989
273,1.65641357421875
274,0.7474628795276989
275,0.8280966463955965
276,0.7818194580078125
277,0.8288297895951705
278,1.8445735307173297
279,0.7066199840198863
280,0.8182666570490056
281,0.9394944069602273
282,0.8474432373046875
283,1.6993128551136363
284,0.8349936745383524
285,0.8951158003373579
286,0.8100937721946023
287,1.0817242986505682
288,1.7389145729758522
289,0.7705201305042614
290,1.0477714399857954
291,0.8267314009232954
292,0.8578373024680398
293,1.9851038707386364
294,0.850469970703125
295,0.9700851162997159
296,1.051428777521307
297,0.9165229381214489
298,1.8873319868607954
299,1.083521173650568
300,0.8975313498757101
301,0.9595712002840909
302,1.0890105646306818
303,1.800853493430398
304,0.8226456520774148
305,1.0182093394886365
306,0.884259366122159
307,0.8329889470880681
308,1.9513825017755682
309,0.7671767356178977
310,0.7838590309836648
311,0.9832723721590909
312,0.832729825106534
313,1.6224662642045453
314,0.8824795809659091
315,0.8221625310724431
316,0.7460049161044034
317,0.8943637362393466
318,1.5775762384588068
319,0.6092469371448863
320,0.8665461869673295
321,0.7012628728693181
322,0.6842107044566761
323,1.6360746626420453
324,0.5853729802911932
325,0.6822293368252841
326,0.7949723677201704
327,0.5749407404119318
328,1.4318536931818182
329,0.7534286221590909
330,0.5451320578835227
331,0.6560866477272727
332,0.7250643088600852
333,1.303211004083807
334,0.3707697642933238
335,0.7689833207563921
336,0.5096525435014204
337,0.5868946422230114
338,1.345608243075284
339,0.36363672429865057
340,0.48212646484375
341,0.7279639781605114
342,0.42667255748401994
343,1.1967230779474431
344,0.5119710471413352
345,0.5171519886363637
346,0.4909533136541193
347,0.6451839932528409
348,1.127210360440341
349,0.3313067072088068
350,0.730943769975142
351,0.42881253329190344
352,0.4944333718039773
353,1.3840400834517046
354,0.392280634099787
355,0.49604109330610796
356,0.7939225630326705
357,0.5092523748224432
358,1.3508602627840909
359,0.656366133256392
360,0.609752197265625
361,0.748426180752841
362,0.7495026189630681
363,1.4877532404119318
364,0.7617730712890625
365,0.9106934703480114
366,0.7794637229225851
367,0.8467410555752841
368,2.1797474254261364
369,1.0033344060724432
370,1.2349461780894886
371,1.1436784224076704
372,1.1670263671875
373,2.7514444247159093
374,1.4502046342329546
375,1.3981733842329547
376,1.707910822088068
377,1.6063935990767046
378,3.456944469105114
379,1.8845201526988637
380,1.9175963245738636
381,2.0143712269176137
382,2.1460706676136363
383,4.547406338778409
384,2.3821375621448864
385,2.6951300603693182
386,2.7029984907670457
387,2.8577510209517043
388,6.150975230823864
389,3.325758389559659
390,3.4010848721590907
391,3.715114080255682
392,3.7214155717329542
393,7.824803799715909
394,4.256965110085227
395,4.318990589488636
396,4.489397638494318
397,4.533336736505682
398,9.59599698153409
399,5.0691632634943184
400,5.226146129261363
401,5.229473100142045
402,5.594530806107955
403,11.549340376420455
404,6.0136376953125
405,6.247566139914772
406,6.1142333984375
407,6.406428444602272
408,13.6773828125
409,6.617640269886364
410,6.8374866832386365
411,6.866877219460227
412,7.420085227272727
413,15.124298650568182
414,7.385058149857955
415,7.818053089488636
416,7.979401633522728
417,7.229865944602272
418,16.894200994318183
419,9.103336292613637
420,8.394529474431819
421,9.292666015625
422,8.54072265625
423,17.97276455965909
424,8.604011896306819
425,8.489981356534091
426,8.749137961647728
427,8.250023082386363
428,17.449996448863637
429,8.070570845170455
430,8.126940696022727
431,7.870954367897728
432,7.547189275568181
433,14.792884410511363
434,6.697159090909091
435,6.293625266335227
436,6.297918146306818
437,5.427149325284091
438,8.286522549715908
439,3.9375705788352273
440,3.9763338955965906
441,4.359327503551136
442,3.0682475142045456
443,6.5593896484375
444,3.284579412286932
445,3.3204747425426135
446,3.3527696644176137
447,3.4862391246448863
448,7.592212357954545
449,4.256497247869318
450,3.7114133522727273
451,4.053449485085228
452,3.9935458096590906
453,8.353125
454,4.191639293323863
455,4.299680397727273
456,4.400120294744318
457,4.530613014914772
458,8.907444069602272
459,4.530909978693182
460,4.7525155362215905
461,4.702732155539772
462,4.7856667258522725
463,9.807092507102272
464,4.903178267045455
465,4.967784090909091
466,5.308629261363636
467,5.297570578835227
468,10.714730113636362
469,5.474102894176136
470,5.533779296875
471,5.474844637784091
472,5.7123854758522725
473,11.6466796875
474,5.712176846590909
475,5.909007901278409
476,5.985443448153409
477,6.054966708096591
478,12.885698686079545
479,6.052056551846591
480,6.233031338778408
481,6.432798739346591
482,6.558202681107955
483,13.314725674715909
484,6.864559215198864
485,6.7937855113636365
486,6.7633846768465915
487,6.990584161931818
488,14.150768821022728
489,7.032102716619319
490,7.209364346590909
491,7.3322376598011365
492,7.500479403409091
493,15.123607954545456
494,7.555950816761364
495,7.509384765625
496,8.24743075284091
497,7.731107954545455
498,16.108531605113637
499,8.193338068181818
500,8.238888494318182
501,8.384350142045456
502,8.45048029119318
503,17.1733984375
504,8.6444140625
505,8.85623934659091
506,8.840185546875
507,8.990189098011363
508,18.359499289772728
509,9.639475319602273
510,9.460412819602272
511,9.55082919034091
512,9.658952414772727
513,19.83838600852273
514,9.841238458806819
515,10.169173473011364
516,10.168631036931819
517,10.28702237215909
518,20.991985085227274
519,10.424921875
520,10.411799538352273
521,10.458901811079546
522,10.70321377840909
523,21.577425426136365
524,11.168654119318182
525,10.716687677556818
526,10.855007990056817
527,11.154968927556817
528,22.033609730113636
529,10.85308682528409
530,11.72829012784091
531,11.608093039772728
532,11.23205965909091
533,23.44512784090909
534,11.638918678977273
535,11.887591441761362
536,12.046774680397727
537,12.373120561079546
538,24.58315340909091
539,15.75588955965909
540,12.081548295454546
541,12.564669744318183
542,13.348500532670455
543,27.05025568181818
544,14.36390713778409
545,13.7426171875
546,13.320719105113637
547,14.229126420454545
548,28.80808416193182
549,14.861966441761362
550,15.186702769886363
551,15.26696377840909
552,15.41629971590909
553,39.583920454545456
554,20.047448508522727
555,16.882297585227274
556,22.594517045454545
557,25.668647017045455
558,44.00198863636364
559,31.94580965909091
560,31.257258522727273
561,23.146958451704545
562,26.284067826704543
563,57.10632102272727
564,37.01515980113636
565,39.80752840909091
566,44.81867897727273
567,38.078852982954544
568,74.6437997159091
569,58.85120738636364
570,48.43918678977273
571,53.49560724431818
572,53.03020596590909
573,93.7946590909091
574,43.40461647727273
575,38.98606178977273
576,37.023863636363636
577,34.94710227272728
578,83.219375
579,32.61629971590909
580,30.022418323863636
581,29.37304509943182
582,31.220767045454544
583,82.62139914772727
584,24.855062144886364
585,25.324011008522724
586,29.06799893465909
587,23.87955965909091
588,68.202109375
589,26.574380326704546
590,27.68387784090909
591,30.46033380681818
592,33.388125
593,75.500390625
594,23.90841974431818
595,31.914382102272725
596,30.4162109375
597,38.12118607954545
598,102.560546875
599,100.99022017045453
600,38.51297940340909
601,41.07538352272727
602,36.35754971590909
603,115.3102059659091
604,43.25857244318182
605,40.913959517045456
606,33.71460227272728
607,35.76327769886363
608,111.54583806818182
609,39.958881392045456
610,43.68808948863636
611,36.9545703125
612,32.96948508522728
613,97.41873579545454
614,34.26869318181818
615,30.66133877840909
616,34.88196377840909
617,35.503831676136365
618,97.44811789772729
619,26.008325639204546
620,19.122111150568184
621,23.26039240056818
622,22.963002485795457
623,57.88061434659091
624,25.330577059659092
625,16.461731178977274
626,24.36146484375
627,27.084165482954546
628,71.31535511363636
629,41.81447798295455
630,16.421965553977273
631,18.59236505681818
632,19.910317826704546
633,42.13024502840909
634,25.746086647727275
635,27.19925603693182
636,22.827368607954543
637,29.78097833806818
638,52.06719815340909
639,31.247734375
640,31.721157670454545
641,46.72673650568182
642,32.92261008522728
643,59.87360085227273
644,45.40406960227273
645,41.08008167613636
646,46.47673295454545
647,52.37164417613636
648,99.91374289772727
649,44.65330610795455
650,44.92401633522727
651,28.921207386363633
652,28.341569602272724
653,58.513046875
654,46.14742897727273
655,44.19121803977273
656,42.47357244318182
657,45.04514914772727
658,100.2701065340909
659,89.19575994318183
660,65.64776278409092
661,52.99221946022727
662,73.33065340909091
663,116.807890625
664,87.499375
665,129.05339488636363
666,104.2915909090909
667,59.81701704545455
668,139.90693181818182
669,62.64455965909091
670,64.39693181818183
671,84.62074573863636
672,93.25436789772728
673,145.6394602272727
674,107.65498579545454
675,115.17171875
676,108.73811789772728
677,110.30264204545455
678,170.83688920454543
679,147.49409090909091
680,124.25463068181818
681,122.13302556818182
682,133.99019886363635
683,110.52990767045453
684,121.34024147727273
685,112.18759943181819
686,109.99880681818182
687,111.84465198863636
688,127.74808238636363
689,136.76332386363637
690,124.64524147727272
691,132.04930397727273
692,136.06609375
693,182.693125
694,157.5573721590909
695,183.0594460227273
696,214.48133522727272
697,210.9812215909091
698,175.58696022727273
699,171.95366477272728
700,169.6915056818182
701,151.06875
702,144.63214488636365
703,162.9996306818182
704,126.91009943181818
705,131.0078409090909
706,152.6325
707,127.29626420454547
708,156.7660227272727
709,145.63967329545454
710,156.2228125
711,149.56583806818182
712,179.01828125
713,265.9750284090909
714,225.11887784090908
715,211.7861505681818
716,180.32069602272728
717,177.72223011363636
718,197.4934943181818
719,173.16237215909092
720,122.16541193181818
721,118.47777698863636
722,111.15448863636364
723,130.50345170454545
724,66.04704545454545
725,52.10997869318182
726,65.16198863636365
727,76.3303409090909
728,104.278671875
729,16.63657137784091
730,24.816558948863634
731,28.791129261363636
732,12.871313920454545
733,35.61259943181818
734,14.239290660511363
735,16.99510830965909
736,15.016921164772727
737,15.020234375
738,40.22686079545454
739,17.18614346590909
740,16.259312855113638
741,17.853851207386363
742,18.305793678977274
743,42.87960227272727
744,17.349939630681817
745,16.95132102272727
746,14.042207919034091
747,13.49224520596591
748,32.76794034090909
749,66.64940340909091
750,13.83625
751,21.49502130681818
752,39.46855823863636
753,59.20126065340909
754,26.38738458806818
755,29.225561079545454
756,24.908636363636365
757,26.566418678977275
758,50.01308238636364
759,22.347642045454545
760,23.774898792613634
761,18.778073508522727
762,20.880667613636366
763,42.74468039772727
764,12.54729580965909
765,18.94172585227273
766,9.983573330965909
767,8.2633984375
768,41.73189985795455
769,10.99640536221591
770,9.757143998579545
771,10.015171342329545
772,11.395574396306818
773,32.17401633522727
774,11.596764914772727
775,13.310046164772727
776,12.806044921875
777,13.059690163352272
778,38.23062855113636
779,33.83399502840909
780,13.866271306818183
781,13.728284801136363
782,11.843727805397727
783,33.61592684659091
784,9.004572975852273
785,10.660728870738637
786,9.949331498579545
787,10.919019886363637
788,22.363464133522726
789,12.013802379261362
790,8.730442116477272
791,8.872509765625
792,13.379090021306817
793,28.561890980113635
794,14.177800071022727
795,13.384094460227272
796,12.215382634943182
797,11.385851384943182
798,31.159499289772725
799,13.036321910511363
800,13.342156427556818
801,10.634622691761363
802,10.002799183238636
803,32.080980113636365
804,9.29619229403409
805,10.894098899147728
806,12.563757102272728
807,6.751831942471592
808,17.03466796875
809,39.12453480113636
810,6.048503639914773
811,6.4798517400568185
812,5.3335675603693184
813,12.819364346590909
814,5.628678533380682
815,5.831937144886364
816,5.2524920099431816
817,5.127056551846591
818,17.932325994318184
819,5.596211381392045
820,5.373616832386364
821,6.312200372869318
822,5.6248455255681815
823,12.073227095170456
824,8.94609286221591
825,8.281579367897727
826,6.829657315340909
827,7.020630770596592
828,22.393160511363636
829,12.939574751420455
830,9.831273970170455
831,12.568743785511362
832,10.55122958096591
833,37.74321732954545
834,11.745386186079545
835,13.129643110795454
836,16.932659801136364
837,14.610053267045455
838,35.46901633522727
839,32.60566051136364
840,17.99000177556818
841,17.14729225852273
842,18.634477982954547
843,39.24557883522728
844,17.397844460227272
845,14.47733309659091
846,14.200146484375
847,13.11148348721591
848,35.46314630681818
849,11.977857776988637
850,13.117727272727272
851,12.77915127840909
852,12.617397904829545
853,34.87802556818182
854,12.173668323863637
855,13.926222478693182
856,11.756550958806818
857,17.996274857954546
858,41.08085227272727
859,11.881574928977273
860,17.966322798295455
861,13.231876775568182
862,10.87563387784091
863,47.01596946022727
864,13.629195667613637
865,12.756822620738637
866,13.035470525568183
867,16.10188565340909
868,36.833558238636364
869,37.87317471590909
870,11.683684303977273
871,13.097412109375
872,12.653256392045455
873,30.167585227272724
874,13.997215021306818
875,13.137048117897727
876,14.836568714488637
877,14.031432883522728
878,29.325280539772724
879,12.810949928977273
880,9.12310724431818
881,13.448302556818183
882,9.743978160511364
883,21.986242897727276
884,9.865485617897727
885,9.245664950284091
886,11.669723899147728
887,9.14943359375
888,27.55248224431818
889,11.804415838068183
890,16.216155894886363
891,10.753237748579545
892,12.743994140625
893,34.1769140625
894,16.143156960227273
895,9.117832919034091
896,12.15683682528409
897,22.56030184659091
898,32.67560369318182
899,49.19789772727273
900,7.805663174715908
901,9.890473188920454
902,7.5065775923295455
903,36.43296875
904,8.062297585227272
905,9.139326171875
906,8.397263849431818
907,8.61560458096591
908,22.087116477272726
909,5.532874200994319
910,7.929929865056819
911,8.286154119318182
912,8.546497691761363
913,19.459222301136364
914,8.5852734375
915,8.56658203125
916,8.051661044034091
917,8.549618252840908
918,18.65646129261364
919,8.207962535511363
920,7.6583212002840915
921,8.563077059659092
922,9.045011541193182
923,20.343508522727273
924,8.124045632102273
925,8.046963778409092
926,8.94707208806818
927,8.149403409090908
928,29.19967862215909
929,20.768765980113635
930,6.619026100852272
931,7.056659268465909
932,8.642340198863636
933,22.541724076704543
934,7.67736328125
935,9.087102272727272
936,7.865308061079545
937,8.096558061079545
938,25.845062144886366
939,7.113645241477273
940,8.814958274147727
941,8.611185191761363
942,8.51181640625
943,22.05352450284091
944,10.265338245738638
945,9.530426136363637
946,9.739015447443181
947,10.585974786931818
948,23.177718394886366
949,9.473871626420454
950,10.432327769886363
951,10.136055575284091
952,9.187231889204545
953,20.661139914772725
954,8.393763316761364
955,9.280873579545455
956,9.84884676846591
957,8.84634765625
958,21.28409090909091
959,21.42411221590909
960,8.955517578125
961,8.911242009943182
962,9.307720170454544
963,21.004215198863633
964,9.365620561079545
965,10.138985262784091
966,7.957223011363636
967,10.069269353693182
968,23.59090909090909
969,9.912042791193182
970,10.559204545454545
971,9.630340021306818
972,9.437701526988636
973,29.54048650568182
974,10.071890980113636
975,9.686858132102273
976,10.310171342329545
977,11.237095170454545
978,25.843430397727275
979,10.24842862215909
980,12.10851473721591
981,10.631755149147727
982,9.973942649147727
983,30.03376065340909
984,9.311851029829546
985,11.35067294034091
986,10.22203213778409
987,9.970150923295455
988,22.352278053977276
989,26.754460227272727
990,9.211856356534092
991,10.888132990056818
992,11.459719460227273
993,27.632663352272726
994,11.631139026988638
995,11.93376065340909
996,11.919586292613637
997,11.34204190340909
998,30.277642045454545
999,12.272082741477272
1000,11.533907137784091
1001,12.15291903409091
1002,10.35947354403409
1003,36.576722301136364
1004,11.675884232954544
1005,11.972165305397727
1006,12.708254616477273
1007,12.049284446022728
1008,30.876136363636366
1009,12.403097478693182
1010,12.775343572443182
1011,10.408229758522728
1012,12.02188565340909
1013,28.09626953125
1014,11.551891867897728
1015,10.305251242897727
1016,10.294507279829546
1017,9.896105291193182
1018,20.77704012784091
1019,18.465530894886363
1020,8.138701171875
1021,8.965154474431818
1022,8.79251953125
1023,21.39725497159091
1024,8.499590731534092
1025,8.8998828125
1026,8.193113458806819
1027,7.642232776988636
1028,22.18068536931818
1029,6.385169122869319
1030,6.822008167613636
1031,7.458591086647727
1032,5.615581942471591
1033,14.328676313920456
1034,7.080654740767045
1035,5.6741650390625
1036,6.871561168323864
1037,7.577260298295455
1038,12.698050426136362
1039,5.385559747869319
1040,6.903263494318181
1041,6.025324928977272
1042,6.183617720170455
1043,12.864122869318182
1044,5.483387340198863
1045,5.393648792613636
1046,6.780694691051136
1047,7.6895703125
1048,26.428590198863635
1049,16.092789417613638
1050,6.052215465198864
1051,9.085631214488636
1052,9.065852272727273
1053,24.65154119318182
1054,9.15457919034091
1055,9.764263139204544
1056,8.6248046875
1057,9.0230078125
1058,23.61178622159091
1059,9.140609019886364
1060,9.797611860795454
1061,9.655543323863636
1062,9.818376242897727
1063,22.199039417613633
1064,8.84834073153409
1065,9.898983487215908
1066,9.240572620738636
1067,13.125310724431818
1068,27.96182705965909
1069,10.95415926846591
1070,11.11921875
1071,9.707454723011363
1072,10.43238192471591
1073,26.21142400568182
1074,10.450844282670454
1075,10.900901100852273
1076,13.00787020596591
1077,11.37764559659091
1078,27.920300071022726
1079,33.31060369318182
1080,12.880395063920455
1081,13.906424005681817
1082,13.718844992897727
1083,27.30573153409091
1084,14.840043501420455
1085,14.90686612215909
1086,14.413994140625
1087,14.382809836647727
1088,30.988277698863634
1089,14.648061079545455
1090,14.813861860795456
1091,15.582420099431818
1092,14.667975852272727
1093,31.625181107954546
1094,16.01721058238636
1095,13.897848011363637
1096,16.232017045454544
1097,16.194907670454544
1098,34.57751420454545
1099,16.123861860795454
1100,16.01439453125
1101,16.29157315340909
1102,17.48249112215909
1103,33.68452769886363
1104,16.586218039772728
1105,15.191740056818183
1106,17.030378196022728
1107,15.44969637784091
1108,35.40138494318182
1109,20.528828125
1110,15.765063920454544
1111,16.37189453125
1112,15.459820667613638
1113,31.89923650568182
1114,14.325578835227272
1115,12.060865589488637
1116,11.932318892045455
1117,12.08404385653409
1118,25.851155894886364
1119,11.039443359375
1120,10.73908203125
1121,9.496664595170454
1122,9.80975408380682
1123,23.995953480113634
1124,17.185
1125,8.90676580255682
1126,11.66559481534091
1127,12.676872336647728
1128,20.737310014204546
1129,18.625513139204546
1130,12.173186257102273
1131,17.55898082386364
1132,16.07232599431818
1133,22.818737571022726
1134,15.647544389204546
1135,14.26198153409091
1136,13.796891867897727
1137,13.69600497159091
1138,20.285191761363638
1139,32.65279474431818
1140,11.66143643465909
1141,11.368040660511362
1142,9.688327414772727
1143,17.146495028409092
1144,4.3144908558238635
1145,4.110347123579546
1146,4.068967507102273
1147,4.4293954190340905
1148,8.405951704545455
1149,4.051717418323864
1150,3.6870516690340907
1151,3.9241579367897725
1152,3.7726704545454544
1153,8.45001953125
1154,4.103899147727272
1155,4.15903231534091
1156,4.200455877130682
1157,3.889560546875
1158,8.314968039772728
1159,4.370277432528409
1160,4.094136186079545
1161,4.118606178977273
1162,4.474918767755682
1163,9.193995028409091
1164,4.943127219460227
1165,5.7615900213068185
1166,4.5270516690340905
1167,5.2748646129261365
1168,9.189182350852272
1169,5.183472123579545
1170,4.870407049005681
1171,4.991809747869318
1172,4.662587446732954
1173,9.121661044034092
1174,5.030582386363636
1175,4.5488267933238635
1176,4.701671253551137
1177,4.701534534801136
1178,9.13544921875
1179,4.499927201704546
1180,5.3267990944602275
1181,4.6015403053977275
1182,4.993085493607954
1183,10.146286399147728
1184,4.649959605823864
1185,4.587026811079546
1186,4.781800870028409
1187,4.542858220880682
1188,9.377191938920454
1189,4.638330522017045
1190,4.489090909090909
1191,4.73093838778409
1192,4.861803977272728
1193,9.380032848011364
1194,4.729845969460228
1195,4.998400213068182
1196,4.60504971590909
1197,4.677636274857955
1198,9.201060014204545
1199,4.529823774857954
1200,4.6001846590909095
1201,4.754993341619318
1202,4.599054509943182
1203,8.991106178977272
1204,4.432069868607955
1205,4.331916281960227
1206,4.3078955078125
1207,4.297586115056818
1208,8.202958096590908
1209,4.022904385653409
1210,3.9702121803977275
1211,3.856092418323864
1212,3.8692729048295456
1213,8.041606889204544
1214,3.900667169744318
1215,3.7075599254261364
1216,3.6859208540482955
1217,3.6879063831676135
1218,7.2387082741477276
1219,4.506716530539773
1220,4.01548251065341
1221,3.9389173473011363
1222,4.230730646306818
1223,7.472234552556818
1224,3.51617919921875
1225,3.9079154829545457
1226,3.8207417436079543
1227,4.144272017045455
1228,6.7177099609375
1229,3.0552452503551137
1230,3.28801513671875
1231,3.6049030095880683
1232,3.1384765625
1233,6.175943714488636
1234,2.957481800426136
1235,3.4234454900568183
1236,2.9409539240056817
1237,3.2540977894176137
1238,0.007813209186900746
1239,0.008154719092629173
1240,0.007279256473888051
1241,0.00724581935188987
1242,0.009894424785267223
1243,0.006880461952903054
1244,0.007702957500110973
1245,0.007349752946333452
1246,0.008132822730324485
1247,0.007386322021484375
1248,0.00751050428910689
1249,0.007089871493252841
1250,0.006841015382246538
1251,0.006808892596851695
1252,0.006879881512035023
1253,0.006800698800520464
1254,0.006858307665044611
1255,0.006763830618424849
1256,0.006826957789334383
1257,0.006832889210094105
1258,0.0068826458670876245
1259,0.063295766657049
1260,0.007033266587690874
1261,0.007022437182339755
1262,0.007017286040566184
1263,0.00701878157528964
1264,0.024126489812677558
1265,0.007135034040971235
1266,0.0070710776068947535
1267,0.007020279277454723
1268,0.007073711048473011
1269,0.007069478034973145
1270,0.007111990235068581
1271,0.007063485058871183
1272,0.007083433758128773
1273,0.0070019123770973905
1274,0.0070928651636297056
1275,0.007056818008422851
1276,0.007014010602777655
1277,0.0071001434326171875
1278,0.007154662825844505
1279,0.007153155586936257
1280,0.007126584486527876
1281,0.007125883102416992
1282,0.007113493572581898
1283,0.006817782141945578
1284,0.007171239852905274
1285,0.007483059276234019
1286,0.007448242360895331
1287,0.007448683652010831
1288,0.007444408590143377
1289,0.03298442840576172
1290,0.007526375163685191
1291,0.007517316124655984
1292,0.0075192226063121445
1293,0.007520436373623934
1294,0.0075099841031161215
1295,0.007522087097167968
1296,0.007535856420343573
1297,0.007570796446366743
1298,0.00737034104087136
1299,0.057802526300603695
1300,3.533316095525568
1301,3.68715576171875
1302,4.328836115056818
1303,7.882213245738637
1304,4.344056729403409
1305,4.3707808061079545
1306,4.899173029119318
1307,4.670609463778409
1308,10.055738636363635
1309,5.491757368607955
1310,5.712921253551136
1311,5.822782759232955
1312,5.997181729403409
1313,12.70088778409091
1314,6.806068448153408
1315,6.9187908380681815
1316,7.034773615056818
1317,7.3804638671875
1318,15.479895241477273
1319,7.644096235795455
1320,7.926264204545455
1321,8.335698686079546
1322,8.369522372159091
1323,17.809936079545455
1324,9.32456853693182
1325,10.016672585227273
1326,9.7928125
1327,9.661668146306818
1328,19.88803977272727
1329,10.440776811079544
1330,10.572789417613638
1331,11.21312411221591
1332,11.638070845170455
1333,24.293043323863635
1334,12.534216974431818
1335,12.75465731534091
1336,12.721292613636363
1337,12.707262961647727
1338,26.686077769886364
1339,13.32872958096591
1340,13.548742897727273
1341,13.76348721590909
1342,13.813198686079545
1343,28.49066228693182
1344,14.278030007102272
1345,14.50041903409091
1346,14.589992897727273
1347,14.509461115056817
1348,29.476867897727274
1349,15.110806107954545
1350,14.839798473011363
1351,15.114454900568182
1352,15.161402698863638
1353,30.82370028409091
1354,15.40079012784091
1355,15.540376420454544
1356,15.574193892045455
1357,15.695349786931818
1358,31.60666193181818
1359,15.897297585227273
1360,15.991912286931818
1361,16.067018821022728
1362,16.112350852272726
1363,32.73627840909091
1364,16.42249112215909
1365,16.42098721590909
1366,16.613996803977273
1367,16.62255859375
1368,33.61412286931818
1369,16.82470703125
1370,16.98567649147727
1371,17.01370205965909
1372,17.028412642045456
1373,34.86246803977272
1374,17.334446022727274
1375,17.465063920454543
1376,17.571471946022726
1377,17.561008522727274
1378,35.73131392045455
1379,17.829770951704546
1380,17.94081143465909
1381,17.99822265625
1382,18.075163352272728
1383,36.62373579545454
1384,18.320648082386363
1385,18.476052911931816
1386,18.450353338068183
1387,18.55166903409091
1388,37.3487109375
1389,18.736372514204547
1390,18.873199573863637
1391,18.907849786931816
1392,18.995102982954545
1393,38.23693536931818
1394,19.0762890625
1395,19.22886008522727
1396,19.23883700284091
1397,19.33580965909091
1398,38.89397372159091
1399,19.387258522727272
1400,19.520072798295455
1401,19.47213778409091
1402,19.60807883522727
1403,39.355706676136364
1404,19.589074928977272
1405,19.589792258522728
1406,19.695062144886364
1407,19.654307528409092
1408,39.46081676136364
1409,19.65554509943182
1410,19.593371803977274
1411,19.689905894886362
1412,19.676598011363637
1413,39.491843039772725
1414,19.586516335227273
1415,19.701990411931817
1416,19.5597265625
1417,19.63385830965909
1418,39.28082741477272
1419,19.342507102272727
1420,19.558346946022727
1421,19.33671875
1422,19.379669744318182
1423,38.76934303977273
1424,19.13397727272727
1425,19.18693359375
1426,19.04359375
1427,19.06745738636364
1428,37.954122869318184
1429,18.722494673295454
1430,18.74260653409091
1431,18.56224431818182
1432,18.59535866477273
1433,36.90261008522727
1434,18.13017578125
1435,18.197233664772728
1436,17.985200639204546
1437,17.919818892045456
1438,35.5395703125
1439,17.462434303977272
1440,17.51096590909091
1441,17.269701704545454
1442,17.280735085227274
1443,34.32861505681818
1444,16.837056107954545
1445,16.845179332386362
1446,16.603474786931816
1447,16.485553977272726
1448,32.83553267045455
1449,16.033393110795455
1450,16.00266690340909
1451,15.78385830965909
1452,15.66791903409091
1453,31.086711647727274
1454,15.11754971590909
1455,14.979339488636363
1456,14.995031960227273
1457,14.673403764204545
1458,29.06374112215909
1459,14.21746981534091
1460,13.998228870738638
1461,13.973101029829545
1462,13.68658203125
1463,27.092631392045455
1464,13.125704012784091
1465,13.029419389204545
1466,12.88241122159091
1467,12.658804154829545
1468,24.900539772727274
1469,12.043560014204544
1470,11.886103515625
1471,11.912104048295454
1472,11.58624112215909
1473,22.80312322443182
1474,10.939976917613638
1475,10.878920454545455
1476,10.739509055397727
1477,10.460787464488638
1478,20.533089488636364
1479,9.877923473011364
1480,9.632960759943181
1481,9.761353870738636
1482,9.276785333806819
1483,18.055727982954544
1484,8.88244229403409
1485,8.508305220170454
1486,8.391577592329545
1487,8.34036221590909
1488,15.634113991477273
1489,7.555122514204545
1490,7.501503018465908
1491,7.163199129971591
1492,6.940759943181819
1493,13.464952947443182
1494,6.327908824573864
1495,6.248854758522728
1496,6.027940340909091
1497,5.7647381036931815
1498,11.010427911931817
1499,5.224022549715909
