,0
0,216.3721590909091
1,0.74048583984375
2,0.3605384133078835
3,1.1514106889204545
4,0.2961094804243608
5,0.5422606867009943
6,0.31476568048650566
7,0.5750824529474432
8,1.2701212935014206
9,0.18877618963068182
10,0.5172377707741478
11,0.407025673606179
12,0.38345800226384946
13,1.376685125177557
14,0.269718017578125
15,0.39095422918146305
16,0.5722902610085228
17,0.39227999600497154
18,1.2311684348366476
19,0.38923201127485796
20,0.5261834716796875
21,0.37431318803267044
22,0.6551801646839489
23,1.286796542080966
24,0.3712855391068892
25,0.5563115900213068
26,0.46231461958451703
27,0.48213473233309656
28,1.3657842462713068
29,0.703691572709517
30,0.421372763893821
31,0.6918672873757101
32,0.4849983354048295
33,1.2302565696022727
34,0.5462654252485796
35,0.6415831409801136
36,0.5220069469105113
37,0.6101253440163352
38,1.4083076615767047
39,0.3726458462801847
40,0.7205176336115057
41,0.47835682262073864
42,0.5364009232954545
43,1.4752637828480113
44,0.5298411976207387
45,0.43357202703302555
46,0.7651451526988636
47,0.589567538174716
48,1.3378043989701702
49,0.6294231622869318
50,0.651392100941051
51,0.4298631980202415
52,0.8433577658913352
53,1.4388365589488636
54,0.44718300559303975
55,0.7322445401278409
56,0.5971065451882103
57,0.6188060968572443
58,1.5291689231178978
59,0.5941311922940341
60,0.5478132213245739
61,0.8160261119495739
62,0.6044188898259943
63,1.4605470969460228
64,0.5708284135298295
65,0.7022429310191761
66,0.6449775834517045
67,0.6916443425958806
68,1.5573333185369318
69,0.5219846413352273
70,0.7478353049538352
71,0.6515876908735795
72,0.5671314031427557
73,1.5998176713423298
74,0.6122222900390625
75,0.5337441739169034
76,0.8444330943714489
77,0.717666515003551
78,1.5190381969105113
79,0.6007161643288352
80,0.8118193470348011
81,0.6064251708984375
82,0.8309199107776989
83,1.5902732155539772
84,0.4712100497159091
85,0.8427238880504261
86,0.7176435435901989
87,0.6572550270774148
88,1.6085102982954547
89,0.7183809592507102
90,0.6233203679865057
91,0.8959498180042614
92,0.677502274946733
93,1.5316614879261363
94,0.675721435546875
95,0.768149247602983
96,0.6360414817116478
97,0.8414342151988636
98,1.619621914950284
99,0.625205078125
100,0.8263522061434659
101,0.6788911576704545
102,0.754376553622159
103,1.6046038263494318
104,0.7383955522017045
105,0.6696808416193182
106,0.8959177468039773
107,0.731919999556108
108,1.6024430708451702
109,0.6442755126953125
110,0.8906005859375
111,0.5957403564453125
112,0.9549880149147727
113,1.596770352450284
114,0.6951383278586648
115,0.8407518976384943
116,0.6118782737038352
117,0.8611670476740056
118,1.6766759144176138
119,0.7178984485973011
120,0.8777100719105114
121,0.7835432572798295
122,0.6935245583274149
123,1.781395263671875
124,0.6447908713600852
125,0.6483903919566761
126,0.926624755859375
127,0.7402401455965909
128,1.6090134499289772
129,0.8348265491832386
130,0.8052501886541193
131,0.6108640358664773
132,0.921636962890625
133,1.7189256702769888
134,0.5558408979936079
135,0.9236564497514205
136,0.7726462624289774
137,0.6685341574928977
138,1.7591196511008522
139,0.7677707186612216
140,0.6779280229048296
141,0.9101263427734375
142,0.7510112970525569
143,1.6466028941761364
144,0.772086514559659
145,0.808366532759233
146,0.745135331587358
147,0.8081313809481534
148,1.7691382945667613
149,0.7464557994495739
150,0.8973536265980114
151,0.7778057861328125
152,0.7330303955078125
153,1.7852025257457387
154,0.7301934814453125
155,0.6507391357421874
156,0.952228670987216
157,0.8269223854758523
158,1.633672762784091
159,0.7893467573686079
160,0.8928983931107954
161,0.6903339177911931
162,0.8222276722301136
163,1.783213778409091
164,0.5946056574041193
165,0.8907412997159091
166,0.7392486017400569
167,0.7676158558238636
168,1.7945976118607954
169,0.7338170831853694
170,0.721214766068892
171,0.8406504128196023
172,0.7855319491299716
173,1.6849064497514203
174,0.8146999844637784
175,0.7573616166548295
176,0.735225663618608
177,0.8836066228693181
178,1.6927992942116479
179,0.882597822709517
180,0.8126068115234375
181,0.8698541259765625
182,0.6829935524680398
183,1.7961782004616478
184,0.7424800803444601
185,0.691764082475142
186,0.871796708540483
187,0.7911530095880681
188,1.64747802734375
189,0.7852550159801136
190,0.7877504106001421
191,0.7061552290482954
192,0.8967638050426135
193,1.6869856400923298
194,0.6364240056818182
195,0.898368086381392
196,0.7738272927024148
197,0.7101677911931819
198,1.7945354669744318
199,0.7526823841441761
200,0.6765012428977273
201,0.8612631503018465
202,0.8320522238991477
203,1.6386765358664772
204,0.7444386985085226
205,0.8262463933771307
206,0.7103324751420454
207,0.8998969060724431
208,1.7287956099076702
209,0.8077718838778409
210,0.8215461869673295
211,0.7988144198330965
212,0.6422937566583806
213,1.8274013449928979
214,0.66218017578125
215,0.686321133700284
216,0.8389721124822443
217,0.8075755726207386
218,1.6487301358309658
219,0.7162209805575285
220,0.8228075062144886
221,0.6564658425071024
222,0.8719178910688921
223,1.7356925825639202
224,0.5913835560191761
225,0.7779356800426136
226,0.7715826970880681
227,0.7456041925603694
228,1.763826571377841
229,0.6473653342507102
230,0.6757386363636364
231,0.8920072243430398
232,0.7315654407848011
233,1.649031094637784
234,0.648611172762784
235,0.8021456631747159
236,0.682030917080966
237,0.8837765780362216
238,1.6501978648792612
239,0.5857677667791193
240,0.7161899081143466
241,0.7941520552201705
242,0.7671001087535511
243,1.695491277521307
244,0.6002358176491477
245,0.8315978449041194
246,0.69500732421875
247,0.6792258522727274
248,1.791271639737216
249,0.6786882435191761
250,0.6114705033735796
251,0.8603240966796875
252,0.7737069424715909
253,1.551034934303977
254,0.7710456431995739
255,0.7616721968217329
256,0.6732785866477273
257,0.8419362571022727
258,1.6984070933948863
259,0.5352786532315341
260,0.7820220947265625
261,0.8584623024680398
262,0.6768167391690341
263,1.7715672718394888
264,0.7064345481178976
265,0.6355827747691761
266,0.886548184481534
267,0.7647004838423296
268,1.6271052689985797
269,0.8759125310724432
270,0.8032166082208806
271,0.793103915127841
272,0.8534444358132102
273,1.688083163174716
274,0.6199994451349432
275,0.9025653631036932
276,0.7783786288174716
277,0.7271021617542615
278,1.8204301313920452
279,0.7769952392578126
280,0.7177212246981535
281,0.9471357865767045
282,0.8566047807173295
283,1.6712080522017048
284,0.8367944890802557
285,0.9044457452947444
286,0.7303341952237216
287,0.9682879083806819
288,1.8257761452414771
289,0.7825661399147726
290,0.971962890625
291,0.9061205499822443
292,0.7897927024147726
293,2.007398126775568
294,0.9537885076349432
295,1.0695945046164774
296,1.0719406960227273
297,1.0543150745738636
298,2.034513494318182
299,1.2231596235795454
300,1.067949773615057
301,0.9111941805752841
302,1.1595543323863635
303,2.0003282581676136
304,0.9054097123579545
305,1.081846036044034
306,0.9722882634943182
307,0.8954278564453125
308,2.1011672141335227
309,0.8570541659268466
310,0.9393929776278409
311,0.887744140625
312,0.9509325062144885
313,1.758211115056818
314,0.9392393909801136
315,0.8421405029296875
316,0.7634212424538351
317,1.0024476207386364
318,1.7341654829545454
319,0.6166401811079545
320,0.9229106001420455
321,0.7345370760830966
322,0.7190548983487216
323,1.6989149058948863
324,0.6239100230823863
325,0.6509049294211648
326,0.801385498046875
327,0.6572834361683239
328,1.4123302112926137
329,0.8109154718572443
330,0.6448856423117898
331,0.5804859508167614
332,0.6889262251420455
333,1.4331581809303977
334,0.338194580078125
335,0.7183858420632102
336,0.5091116055575284
337,0.464697265625
338,1.4888963734019887
339,0.33370941162109374
340,0.4008119617808949
341,0.7008715265447444
342,0.46088961514559657
343,1.223850763494318
344,0.44056410356001424
345,0.4256893088600852
346,0.3923689686168324
347,0.6624392977627841
348,1.2641481711647726
349,0.2966965276544744
350,0.622569580078125
351,0.49675931063565343
352,0.47778542258522727
353,1.3423890269886363
354,0.42946791215376423
355,0.5574185458096591
356,0.6222448175603693
357,0.630918135209517
358,1.3718376020951704
359,0.6885226162997159
360,0.7021957674893465
361,0.6948529052734375
362,0.7784961492365057
363,1.6250416148792612
364,0.7973031338778409
365,0.8992643599076705
366,0.8753008478338069
367,0.9294821999289773
368,2.101570490056818
369,0.9828765314275568
370,1.1815753728693181
371,1.1467875532670455
372,1.092925137606534
373,2.6034903231534092
374,1.3490811434659091
375,1.3970554421164771
376,1.405162353515625
377,1.595506924715909
378,3.2609508167613637
379,1.6960011985085228
380,1.798243963068182
381,1.8303011807528409
382,1.9155302290482954
383,4.126280184659091
384,2.1163603071732955
385,2.3438310102982953
386,2.3217935458096592
387,2.372736594460227
388,5.221820845170455
389,2.7306886985085224
390,2.890042835582386
391,3.0195834073153405
392,3.0737051669034092
393,6.527850230823864
394,3.4840236594460223
395,3.6399050071022727
396,3.751376065340909
397,3.93904296875
398,8.355463423295454
399,4.382593217329545
400,4.443253284801136
401,4.708122336647728
402,4.863264825994318
403,10.094079367897727
404,5.423379350142045
405,5.481899857954545
406,5.620312056107955
407,5.891932705965909
408,12.160395951704546
409,6.267804953835228
410,6.418115234375
411,6.5213192471590915
412,6.744959161931819
413,13.907702414772727
414,7.108950639204545
415,7.345131392045455
416,7.329947620738636
417,7.551701882102273
418,15.411360085227273
419,7.763394886363637
420,7.928056640625
421,8.002740589488637
422,7.959043856534091
423,16.17294744318182
424,8.105581498579545
425,7.962047230113637
426,7.999303977272728
427,7.930363103693181
428,15.740246803977273
429,7.653433061079545
430,7.401119495738636
431,7.281917169744319
432,7.077989169034091
433,13.264970703125
434,6.022116477272728
435,5.716632634943181
436,5.254887251420455
437,4.697927911931818
438,0.4009284002130682
439,0.5728680419921875
440,0.4631449196555398
441,0.6635744406960227
442,0.923059248490767
443,2.182457830255682
444,1.1091154341264204
445,1.2575499378551136
446,1.3589974698153409
447,1.5093549138849431
448,3.3142564808238637
449,1.932225674715909
450,2.028725363991477
451,2.044644442471591
452,2.0863987038352274
453,4.6196875
454,2.461872780539773
455,2.4030033735795455
456,2.6287626509232958
457,2.6903111683238636
458,5.696712535511364
459,2.920589488636364
460,3.084330388849432
461,3.1289757191051137
462,3.177169300426136
463,6.757024591619318
464,3.5355477627840908
465,3.566520108309659
466,3.6461212713068183
467,3.717338201349432
468,7.719865056818182
469,4.0141432883522725
470,4.0794899680397725
471,4.117504438920454
472,4.188712269176136
473,8.822088068181818
474,4.463859197443182
475,4.739110884232955
476,4.695318270596591
477,4.767808948863636
478,9.610037286931819
479,4.903038884943182
480,4.999495738636364
481,5.061916725852273
482,5.0332563920454545
483,10.234064275568182
484,5.207682883522727
485,5.287354403409092
486,5.3206103515625
487,5.263512961647727
488,10.648012251420456
489,5.470348011363637
490,5.414329279119318
491,5.460699573863637
492,5.518734907670455
493,11.125256569602273
494,5.6613134765625
495,5.680805220170455
496,5.533014026988636
497,5.779751420454545
498,11.50995028409091
499,5.753241299715909
500,5.768995028409091
501,5.895111860795455
502,5.880786576704545
503,11.766082208806818
504,5.9578089488636365
505,5.8973681640625
506,6.021083540482955
507,5.858087713068182
508,12.117954545454545
509,5.973554243607955
510,6.058412198153409
511,6.166356090198864
512,6.143631036931819
513,12.262766335227273
514,6.207328657670455
515,6.180690696022728
516,6.216618874289773
517,6.123477894176136
518,12.43320223721591
519,6.241013405539772
520,6.217477361505681
521,6.280300958806818
522,6.259212979403409
523,12.519025213068183
524,6.307047230113636
525,6.3073743785511365
526,6.340115855823864
527,6.169931196732955
528,12.554818892045455
529,6.302376154119319
530,6.254244939630682
531,6.2483052201704545
532,6.259380326704545
533,12.443474786931818
534,6.270503373579545
535,6.156259765625
536,6.235741299715909
537,6.143140092329545
538,12.352389914772727
539,6.038922674005681
540,6.159328391335228
541,6.126424005681819
542,6.109372336647727
543,12.188540482954545
544,6.070249467329545
545,6.060438121448864
546,6.051196732954545
547,5.953757990056818
548,11.933705610795455
549,6.072157315340909
550,6.091290838068181
551,6.146943359375
552,6.0613507634943184
553,12.352890625
554,6.329311967329545
555,6.314668412642045
556,6.349740767045455
557,6.4053187144886365
558,12.98753018465909
559,6.546313920454545
560,6.403623934659091
561,6.7030712890625
562,6.782571466619319
563,13.716502130681818
564,6.8157763671875
565,7.054796697443181
566,6.807610973011363
567,7.119901455965909
568,13.814644886363638
569,6.824916104403409
570,7.237852894176136
571,6.886801313920455
572,7.001713423295455
573,13.8062890625
574,7.0624658203125
575,7.091253551136364
576,7.149857954545455
577,7.3618310546875
578,14.93358309659091
579,7.787390802556819
580,7.778171164772727
581,7.939938742897727
582,8.208687855113636
583,17.187741477272727
584,8.463127663352273
585,8.709162819602273
586,9.031275745738636
587,9.166064453125
588,19.828666548295455
589,10.124778941761363
590,10.170533558238636
591,9.891505681818181
592,10.186123934659092
593,19.55818004261364
594,9.99435724431818
595,9.5894140625
596,9.686519886363635
597,9.337053444602272
598,18.47981711647727
599,8.411608664772727
600,8.315428799715908
601,7.994165482954545
602,7.834056285511363
603,15.14542080965909
604,7.105245472301136
605,6.980531782670455
606,6.962993607954545
607,6.972604314630681
608,13.945091441761363
609,6.968974609375
610,6.9414990234375
611,6.958662109375
612,6.959860174005681
613,13.80608309659091
614,6.915964133522728
615,6.889363014914773
616,6.8376953125
617,6.879429154829545
618,13.645201526988638
619,6.806549183238636
620,6.724747425426136
621,6.772957652698864
622,6.6526708984375
623,13.326320134943183
624,6.53376953125
625,6.6080100319602275
626,6.433246626420455
627,6.4919264914772725
628,12.854294211647728
629,6.209542791193181
630,6.409335049715909
631,6.235560635653409
632,6.110073686079545
633,12.318258167613637
634,5.995299627130681
635,5.951844815340909
636,5.9742808948863635
637,5.922785866477272
638,11.496959339488637
639,5.736522105823863
640,5.647000177556818
641,5.5329265802556815
642,5.521136363636364
643,10.84541015625
644,5.348536931818181
645,5.260365767045455
646,5.198834339488636
647,5.094128196022727
648,10.184090909090909
649,4.944793146306818
650,4.847786310369318
651,4.869685724431818
652,4.810230823863637
653,9.40765625
654,4.568923561789773
655,4.453745561079546
656,4.370778586647727
657,4.301712091619319
658,8.280133167613636
659,3.9256170099431817
660,3.9965855823863636
661,3.8531720525568183
662,3.6856984641335226
663,7.310832741477273
664,3.5735367098721595
665,3.4552163973721592
666,3.477576793323864
667,3.360060369318182
668,6.718172496448863
669,3.266634854403409
670,3.239375665838068
671,3.2375772372159095
672,3.1913034889914775
673,6.401534090909092
674,3.186298828125
675,3.177422984730114
676,3.1491000088778405
677,3.2037318004261364
678,6.389187677556818
679,3.2818610174005682
680,3.236517888849432
681,3.3636201615767045
682,3.5526637961647727
683,7.501546519886364
684,4.761967329545454
685,6.046516335227272
686,7.788153409090909
687,9.163991477272727
688,19.213206676136362
689,17.673098366477273
690,20.906321022727276
691,25.26112393465909
692,30.70853338068182
693,46.44462002840909
694,58.45625710227273
695,70.22359375
696,71.81267045454545
697,75.80776988636364
698,89.16042613636364
699,105.9688778409091
700,109.52095170454545
701,129.97436079545454
702,129.72086647727272
703,92.49160511363635
704,149.52282670454545
705,154.2469460227273
706,164.73073863636364
707,170.64848011363637
708,93.79869318181818
709,159.6513352272727
710,152.9494318181818
711,133.45194602272727
712,127.4350284090909
713,106.69609375
714,84.399296875
715,55.1448046875
716,59.79461647727273
717,51.0901171875
718,54.58627130681818
719,26.313822798295455
720,17.185083451704546
721,13.016663707386362
722,9.401278409090908
723,14.049294211647727
724,6.958990145596591
725,6.918618607954545
726,7.146843483664773
727,7.1795978338068185
728,14.527669566761363
729,7.48056640625
730,7.453312322443181
731,7.649837535511364
732,7.658786399147727
733,15.710452769886363
734,8.048168501420456
735,8.129693714488637
736,8.132515980113636
737,8.33580965909091
738,16.986036931818184
739,8.682030362215908
740,8.805153586647727
741,8.946363636363635
742,9.026400923295455
743,18.499426491477273
744,9.490293856534091
745,9.582042791193182
746,9.707720170454545
747,9.86559659090909
748,20.236919389204544
749,10.227143998579544
750,10.541876775568182
751,10.726811079545454
752,10.726079545454546
753,22.223831676136363
754,11.376589133522728
755,11.572599431818183
756,11.879906782670455
757,12.149309303977272
758,25.755697798295454
759,13.455349786931817
760,13.763978160511362
761,14.172428977272727
762,14.538591974431817
763,29.909694602272726
764,15.448009588068182
765,15.71556640625
766,16.000534446022726
767,16.219176136363636
768,33.26301846590909
769,16.906704545454545
770,17.15683948863636
771,17.24158203125
772,17.488803267045455
773,35.43985440340909
774,17.94783558238636
775,17.978618607954544
776,17.997018821022728
777,18.21072088068182
778,36.50431463068182
779,18.23780184659091
780,18.41180575284091
781,18.318776633522727
782,18.388577769886364
783,36.71459872159091
784,18.30795809659091
785,18.182890625
786,18.14039417613636
787,18.02899680397727
788,35.87422230113636
789,17.771637073863637
790,17.58022549715909
791,17.34291903409091
792,17.32155184659091
793,34.08263494318182
794,16.735717329545455
795,16.50705965909091
796,16.223902698863636
797,16.049564985795456
798,31.37095880681818
799,15.230873579545454
800,14.985743963068183
801,14.654089133522728
802,14.376685014204545
803,27.910168678977275
804,13.470872691761363
805,13.039884588068183
806,12.812849786931817
807,12.494263139204545
808,23.985200639204546
809,11.503433061079544
810,11.630962357954544
811,11.53561434659091
812,11.587641157670454
813,22.97680752840909
814,11.47600497159091
815,11.405993430397727
816,11.334734552556817
817,11.337640269886363
818,22.596832386363634
819,11.272223011363637
820,11.215512251420455
821,11.16562411221591
822,11.150802556818183
823,22.263316761363637
824,11.070501598011363
825,11.073274147727272
826,11.049215198863637
827,10.939049183238637
828,21.842826704545455
829,10.859368785511363
830,10.833392223011362
831,10.818034446022727
832,10.75760653409091
833,21.286685014204544
834,10.65710848721591
835,10.621830610795454
836,10.554066938920455
837,10.65479403409091
838,21.261498579545457
839,10.506936257102273
840,10.601677911931818
841,10.621031605113638
842,10.609007457386362
843,21.02599431818182
844,10.288123224431818
845,10.237685546875
846,10.221162109375
847,10.076624644886364
848,20.12612393465909
849,9.945765269886364
850,9.769857066761364
851,9.925508700284091
852,9.832394353693182
853,19.38118075284091
854,9.654666193181818
855,9.562982954545454
856,9.512584339488637
857,9.371356534090909
858,18.447950994318184
859,9.003834339488636
860,8.95561700994318
861,8.838401988636363
862,8.810902876420455
863,17.38466796875
864,8.646904296875
865,8.569317294034091
866,8.586659268465908
867,8.583844992897728
868,17.120106534090908
869,8.447856001420455
870,8.558433948863636
871,8.747486683238636
872,8.718737571022727
873,17.480227272727273
874,8.813473011363635
875,8.89749822443182
876,8.890524680397727
877,8.817337535511363
878,17.858851207386362
879,9.024075816761364
880,9.036448863636364
881,9.235729758522728
882,9.595213068181819
883,18.836127485795455
884,10.035700461647728
885,10.500364879261362
886,11.24042879971591
887,11.507339311079544
888,18.135550426136362
889,10.350825639204546
890,9.68827059659091
891,9.51460049715909
892,9.11146661931818
893,16.107526633522728
894,6.389178799715909
895,5.645079012784091
896,5.517792080965909
897,5.413547141335227
898,10.584068714488637
899,5.191436878551136
900,5.194638671875
901,5.176475497159092
902,4.944380326704546
903,9.956220703125
904,4.873858753551136
905,4.805632990056818
906,4.813743785511364
907,4.7935338245738635
908,9.290386186079544
909,4.716483043323864
910,4.5603076171875
911,4.50644930752841
912,4.562505326704546
913,8.994323508522728
914,4.431281960227272
915,4.45904208096591
916,4.377643377130682
917,4.367266068892046
918,8.786502130681818
919,4.352397904829545
920,4.278507634943182
921,4.285016867897728
922,4.356322798295454
923,8.537524857954544
924,4.321497691761364
925,4.293949751420454
926,4.294083362926136
927,4.283576438210227
928,8.675492720170455
929,4.204156605113636
930,4.390740855823863
931,4.453829012784091
932,4.269707919034091
933,8.82058416193182
934,4.426267755681818
935,4.384579634232955
936,4.476648615056818
937,4.470812766335228
938,9.063198686079545
939,4.5504758522727276
940,4.588374911221591
941,4.595047940340909
942,4.673711381392046
943,9.423737571022727
944,4.777705522017046
945,4.854430042613636
946,4.822526189630682
947,4.875125177556818
948,9.906471946022727
949,5.082248757102272
950,4.995945046164772
951,5.11721768465909
952,5.229256924715909
953,10.456058238636363
954,5.389846413352273
955,5.384709694602273
956,5.441194069602273
957,5.4860879794034085
958,10.984973366477272
959,5.500143821022728
960,5.612696644176136
961,5.609107333096591
962,5.628351828835227
963,11.450463423295455
964,5.790846058238636
965,5.7346049360795455
966,5.8286456853693185
967,5.909885919744319
968,11.833509410511363
969,6.027041459517045
970,6.046378728693181
971,6.093175159801136
972,6.131830166903409
973,12.331886541193182
974,6.248085493607955
975,6.274658647017045
976,6.328632368607955
977,6.266382279829545
978,12.854939630681818
979,6.508662553267045
980,6.425628107244319
981,6.4952898615056816
982,6.560502041903408
983,13.124097123579546
984,6.627163529829545
985,6.624600941051137
986,6.620790571732955
987,6.712124911221591
988,13.310709339488637
989,6.7044300426136365
990,6.691296164772727
991,6.741222478693182
992,6.746439541903409
993,13.536409801136363
994,6.795230379971591
995,6.723314098011364
996,6.723132102272728
997,6.818431729403409
998,13.466863458806818
999,6.875740411931819
1000,6.776875443892045
1001,6.758688742897728
1002,6.7530859375
1003,13.524363458806818
1004,6.768566228693182
1005,6.7624498401988635
1006,6.770968128551136
1007,6.749878373579545
1008,13.43971768465909
1009,6.8147971413352275
1010,6.720381303267045
1011,6.821559392755681
1012,6.7662961647727276
1013,13.506572265625
1014,6.847772993607955
1015,6.813729137073864
1016,6.778531605113637
1017,6.886489701704545
1018,13.84575284090909
1019,6.837274946732955
1020,7.015830522017045
1021,6.966896306818182
1022,6.938591086647728
1023,13.737658025568182
1024,6.773052645596591
1025,6.7304287997159085
1026,6.768836115056819
1027,6.688219992897728
1028,13.27000887784091
1029,6.656139470880682
1030,6.661236683238636
1031,6.564357244318181
1032,6.630721324573864
1033,13.123189808238637
1034,6.670218394886364
1035,6.579026988636364
1036,6.627514204545455
1037,6.577353515625
1038,13.30331143465909
1039,6.707181729403409
1040,6.696915838068182
1041,6.786737837357955
1042,6.772901722301136
1043,13.644275568181818
1044,6.920511807528409
1045,6.8385023082386365
1046,7.034261363636364
1047,6.974661310369319
1048,14.155797230113638
1049,7.1318967507102276
1050,7.265150479403409
1051,7.3042813387784085
1052,7.360020419034091
1053,14.896889204545454
1054,7.588860973011363
1055,7.640332919034091
1056,7.690094105113636
1057,7.8206640625
1058,15.831168323863638
1059,8.081684126420456
1060,8.11982244318182
1061,8.264078480113636
1062,8.334723011363636
1063,17.00787286931818
1064,8.665659623579545
1065,8.791036044034092
1066,8.90775479403409
1067,8.940202414772727
1068,18.44837890625
1069,9.41167169744318
1070,9.492763671875
1071,9.79593661221591
1072,10.141593572443181
1073,21.78719815340909
1074,11.382923473011363
1075,11.728333629261362
1076,12.08424893465909
1077,12.415916193181818
1078,25.636296164772727
1079,13.010783913352272
1080,13.48446377840909
1081,13.719006569602273
1082,13.862966974431817
1083,28.43140802556818
1084,14.40098721590909
1085,14.596015625
1086,14.65708096590909
1087,14.782337535511363
1088,29.90228338068182
1089,15.050056818181817
1090,15.059300426136362
1091,15.099289772727273
1092,15.140259232954545
1093,30.274485085227276
1094,15.02329190340909
1095,15.04278409090909
1096,14.953931107954546
1097,14.90628018465909
1098,29.50833096590909
1099,14.493215553977272
1100,14.465357776988638
1101,14.24663174715909
1102,14.086145241477272
1103,27.651374289772725
1104,13.47246004971591
1105,13.254783380681818
1106,13.016108842329546
1107,12.75860262784091
1108,24.735328480113637
1109,11.692260298295455
1110,11.521667258522728
1111,11.183179154829546
1112,10.901372514204546
1113,20.642485795454544
1114,9.634131747159092
1115,9.31116299715909
1116,8.866938920454546
1117,8.356011186079545
1118,15.369211647727273
1119,6.956256214488636
1120,6.316032492897728
1121,5.940165127840909
1122,5.360589488636363
1123,8.860546875
1124,3.697803400213068
1125,2.942832475142046
1126,2.277559037642045
1127,1.7436537863991477
1128,1.3290308726917612
1129,0.04580994692715731
1130,0.24859461004083808
1131,0.8286485706676135
1132,0.7966574928977274
1133,2.5680701793323863
1134,1.577662908380682
1135,1.8108057750355113
1136,2.133893155184659
1137,2.2369355912642046
1138,5.181997958096591
1139,2.9038571999289773
1140,3.0881997958096594
1141,3.3619089577414774
1142,3.508497647372159
1143,7.644097123579545
1144,4.063596857244318
1145,4.243801935369318
1146,4.444948508522727
1147,4.637467595880682
1148,9.68590909090909
1149,5.131785777698863
1150,5.322389914772727
1151,5.341463955965909
1152,5.574285333806818
1153,11.600278764204544
1154,5.981070667613636
1155,6.106879438920455
1156,6.303195134943182
1157,6.339098455255681
1158,13.132136896306818
1159,6.736706764914772
1160,6.830605024857955
1161,6.917514204545455
1162,7.047688654119319
1163,14.37407315340909
1164,7.334491743607955
1165,7.472693536931819
1166,7.4435422585227276
1167,7.579920987215909
1168,15.392013494318183
1169,7.750810546875
1170,7.8319469105113635
1171,7.949815340909091
1172,7.995810546875
1173,16.062009943181817
1174,8.131909623579546
1175,8.128433948863636
1176,8.176198508522727
1177,8.230376420454546
1178,16.5402734375
1179,8.230357776988637
1180,8.350586825284092
1181,8.319365234375
1182,8.312736150568181
1183,16.712141335227273
1184,8.346582919034091
1185,8.331631747159092
1186,8.33727627840909
1187,8.281608664772728
1188,16.571889204545457
1189,8.284033203125
1190,8.216729403409092
1191,8.180955255681818
1192,8.15784357244318
1193,16.203354048295456
1194,8.032966974431819
1195,8.002607421875
1196,7.893872514204545
1197,7.874723011363637
1198,15.508112571022728
1199,7.592619850852272
1200,7.517144886363636
1201,7.530241477272727
1202,7.3765829190340915
1203,14.618380681818183
1204,7.120436789772728
1205,7.044544566761363
1206,6.942571910511364
1207,6.810540660511363
1208,13.344510830965909
1209,6.496204723011363
1210,6.304168590198864
1211,6.204199662642045
1212,6.0943212890625
1213,11.742614524147728
1214,5.698127663352272
1215,5.463279474431818
1216,5.430998313210227
1217,5.234921875
1218,9.915688032670454
1219,4.689030983664773
1220,4.511187855113636
1221,4.320560191761364
1222,4.190164683948864
1223,7.780546875
1224,3.5503664328835227
1225,3.3785795454545458
1226,3.133789506392046
1227,2.9466954456676135
1228,5.333869406960227
1229,2.28865966796875
1230,2.104773171164773
1231,1.9185640092329548
1232,1.5955119185014204
1233,2.5662071644176137
1234,0.8211934592507102
1235,0.6359807794744318
1236,0.06534292741255326
1237,0.08094023271040482
1238,0.00808591149070046
1239,0.005035143332047896
1240,0.004128080281344326
1241,0.004947543144226074
1242,0.006028427644209428
1243,0.004024125445972789
1244,0.005834632353349165
1245,0.003991547064347701
1246,0.005055479136380282
1247,0.003986006216569381
1248,0.004221013676036488
1249,0.00424808762290261
1250,0.003985418406399814
1251,0.003880619135769931
1252,0.003951256491921165
1253,0.003906251300464977
1254,0.004085560711947354
1255,0.003917498155073686
1256,0.00397289362820712
1257,0.003942439339377664
1258,0.003948189562017267
1259,0.05781984155828303
1260,0.004003600640730424
1261,0.00400520844893022
1262,0.004003227840770375
1263,0.004001273241910068
1264,0.022907338575883344
1265,0.0040605540709062055
1266,0.003940139683810147
1267,0.0039296930486505685
1268,0.003943380442532627
1269,0.003932098041881215
1270,0.00396081490950151
1271,0.003916961063038219
1272,0.003906495787880637
1273,0.003912594535134055
1274,0.003914197141473943
1275,0.005094566345214844
1276,0.003916653719815341
1277,0.0038877417824485084
1278,0.0038826465606689453
1279,0.0038881189172918144
1280,0.003886403170498935
1281,0.0038993206891146577
1282,0.00481437162919478
1283,0.00388354171406139
1284,0.003883635781028054
1285,0.0038829261606389827
1286,0.003885959711941806
1287,0.0038912404667247424
1288,0.003953211524269798
1289,0.028248970725319605
1290,0.0039058017730712893
1291,0.003925968516956676
1292,0.00390576189214533
1293,0.0038895186510953033
1294,0.003910915634848855
1295,0.003907328085465865
1296,0.003872464353388006
1297,0.0039164486798373135
1298,0.003930589935996316
1299,0.07392712679776278
1300,0.031634493741122156
1301,0.460280595259233
1302,0.6732621626420454
1303,2.0810540216619318
1304,1.5571425559303977
1305,1.7632785866477272
1306,2.027084295099432
1307,2.2620090553977272
1308,5.282508877840908
1309,3.11143310546875
1310,3.2210782137784095
1311,3.5106261097301137
1312,3.785549982244318
1313,8.311898082386364
1314,4.597575461647727
1315,4.740862038352272
1316,5.007755237926136
1317,5.179598721590909
1318,11.276067116477272
1319,5.866058238636364
1320,6.240063032670455
1321,6.4533083274147724
1322,6.680504705255681
1323,13.917732599431817
1324,7.300579723011364
1325,7.531603338068181
1326,7.8406915838068185
1327,7.945379083806818
1328,16.66661044034091
1329,8.622471590909091
1330,8.823776633522728
1331,9.046892755681819
1332,9.302292258522728
1333,19.20728338068182
1334,9.872102272727272
1335,10.075859375
1336,10.281070667613637
1337,10.503666548295454
1338,21.634165482954543
1339,11.078582208806818
1340,11.249619140625
1341,11.469934303977272
1342,11.713449041193183
1343,24.007963423295454
1344,12.297414772727272
1345,12.427974076704546
1346,12.583338068181817
1347,12.786957563920454
1348,26.22940340909091
1349,13.200023970170456
1350,13.58724698153409
1351,13.698551136363637
1352,13.845040838068183
1353,28.17168856534091
1354,14.378069069602272
1355,14.571060014204544
1356,14.629709694602273
1357,14.852444069602273
1358,30.13678622159091
1359,15.313464133522727
1360,15.460546875
1361,15.604825994318183
1362,15.739982244318183
1363,31.836576704545454
1364,16.226120383522726
1365,16.31827947443182
1366,16.37247869318182
1367,16.67603693181818
1368,33.55362215909091
1369,17.040704900568183
1370,17.12686434659091
1371,17.201477272727274
1372,17.372283380681818
1373,34.94857954545454
1374,17.748579545454547
1375,17.846525213068183
1376,17.799998224431818
1377,18.000474076704545
1378,36.394389204545455
1379,18.278694957386364
1380,18.46224609375
1381,18.508828125
1382,18.57778231534091
1383,37.444300426136365
1384,18.844866832386362
1385,18.998996803977274
1386,19.01314453125
1387,19.049243607954544
1388,38.66566051136363
1389,19.412397017045453
1390,19.36041193181818
1391,19.511519886363637
1392,19.275880681818183
1393,39.209300426136366
1394,19.52804865056818
1395,19.645884232954543
1396,19.650150923295456
1397,19.751637073863638
1398,39.46442116477272
1399,19.76901455965909
1400,19.799566761363636
1401,19.837397017045454
1402,19.86958984375
1403,39.724563210227274
1404,19.828046875
1405,19.866214488636363
1406,19.769373224431817
1407,19.735727982954543
1408,39.49914417613636
1409,19.535353338068184
1410,19.73841796875
1411,19.599653764204547
1412,19.606051136363636
1413,39.083984375
1414,19.472082741477273
1415,19.414840198863637
1416,19.429200994318183
1417,19.301031605113636
1418,38.49330255681818
1419,19.171370738636362
1420,19.05700816761364
1421,18.982966974431818
1422,18.88759765625
1423,37.729453125
1424,18.673648792613637
1425,18.581654829545457
1426,18.52462002840909
1427,18.328911576704545
1428,36.67872159090909
1429,18.11144886363636
1430,17.971099076704544
1431,17.942716619318183
1432,17.820981889204546
1433,35.37380326704545
1434,17.516148792613638
1435,17.417718394886364
1436,17.26596590909091
1437,17.08340909090909
1438,34.0944921875
1439,16.53277521306818
1440,16.701194957386363
1441,16.513893821022727
1442,16.400609019886364
1443,32.45719105113636
1444,16.04484552556818
1445,15.756404474431818
1446,15.756931818181817
1447,15.60760653409091
1448,30.56057528409091
1449,15.15157315340909
1450,15.00829190340909
1451,14.730485617897727
1452,14.720941051136363
1453,28.839730113636364
1454,14.319684836647728
1455,14.02316317471591
1456,13.813932883522728
1457,13.683177379261362
1458,26.955671164772724
1459,13.305142933238637
1460,13.091439098011362
1461,12.853512073863637
1462,12.72838955965909
1463,24.956028053977274
1464,12.279838423295455
1465,11.95089754971591
1466,11.867970525568182
1467,11.72697176846591
1468,22.88179509943182
1469,11.01225497159091
1470,11.047159978693182
1471,10.78632723721591
1472,10.572262073863637
1473,20.717952769886367
1474,10.134384765625
1475,9.927506214488636
1476,9.778135653409091
1477,9.469812677556819
1478,18.589975142045454
1479,8.945094992897728
1480,8.717842684659091
1481,8.647080078125
1482,8.499367009943182
1483,16.241100852272726
1484,7.883120561079545
1485,7.6094921875
1486,7.450387961647728
1487,7.353281693892045
1488,13.92759854403409
1489,6.692954989346592
1490,6.510645419034091
1491,6.337001953125
1492,6.116214044744319
1493,11.675574396306818
1494,5.554134854403409
1495,5.291553622159091
1496,5.142576349431819
1497,5.011884321732954
1498,9.288584872159092
1499,4.291613991477273
